DOOR
0
TUNNEL
1
0 40 40
0 31 35
10
PLATFORM
3
0 13 42 224 0 -1 1
0 20 42 64 0 1 1
0 24 40 64 1 1 1
KEY
3
0 32 22
0 20 22
0 28 19
LIFE
2
0 56 18
0 51 15
SPEEDBOOST
0
GUN
2
0 36 22
0 37 22
PIPE
7
36 1
0 73 35
0 73 34
0 72 34
0 72 33
0 71 33
0 70 33
0 70 32
0 69 32
0 68 32
0 68 31
0 68 30
0 67 30
0 67 29
0 67 28
0 67 27
0 68 27
0 69 27
0 70 27
0 70 26
0 70 25
0 70 24
0 70 23
0 70 22
0 70 21
0 70 20
0 69 20
0 68 20
0 68 19
0 67 19
0 67 18
0 67 17
0 67 16
0 66 16
0 65 16
0 64 16
0 64 17
11 1
0 59 19
0 59 18
0 59 17
0 59 16
0 59 15
0 59 14
0 58 14
0 57 14
0 56 14
0 56 15
0 56 16
10 1
0 57 22
0 57 23
0 56 23
0 55 23
0 54 23
0 53 23
0 53 22
0 53 21
0 53 20
0 53 19
9 1
0 53 16
0 53 15
0 53 14
0 52 14
0 51 14
0 50 14
0 49 14
0 49 15
0 49 16
4 1
0 51 16
0 51 17
0 51 18
0 51 19
19 1
0 49 22
0 49 23
0 48 23
0 47 23
0 46 23
0 45 23
0 44 23
0 44 22
0 44 21
0 44 20
0 44 19
0 44 18
0 44 17
0 44 16
0 44 15
0 45 15
0 46 15
0 47 15
0 47 16
20 1
0 48 13
0 48 12
0 48 11
0 47 11
0 46 11
0 45 11
0 44 11
0 43 11
0 43 12
0 42 12
0 42 13
0 42 14
0 42 15
0 41 15
0 41 16
0 41 17
0 40 17
0 40 18
0 40 19
0 40 20
DUMMY
3
0 13 44 0
0 20 44 0
0 41 40 0
SHOOTER
4
0 45 17 1 1
0 45 20 1 1
0 30 15 0 1
0 14 18 1 1
BARREL
1
0 35 36
PLAYER
1
0 2 40
