TILEMAP
80 50
32 32
images/tileset_1x1.png
16 32
BASE
-1,-1,-1,-1,-1,-1,-1,-1,-1,-1,-1,-1,-1,-1,-1,-1,-1,-1,-1,-1,-1,-1,-1,-1,-1,-1,-1,-1,-1,-1,-1,-1,-1,-1,-1,-1,-1,-1,-1,-1,-1,-1,-1,-1,-1,-1,-1,-1,-1,-1,-1,-1,-1,-1,-1,-1,-1,-1,-1,-1,-1,-1,-1,-1,-1,-1,158,-1,-1,-1,-1,-1,-1,-1,-1,-1,-1,-1,-1,-1
-1,-1,-1,-1,-1,-1,-1,-1,-1,-1,-1,-1,-1,-1,-1,-1,-1,-1,-1,-1,-1,-1,-1,-1,-1,-1,-1,-1,-1,-1,-1,-1,-1,-1,-1,-1,-1,-1,-1,-1,-1,-1,-1,-1,-1,-1,-1,-1,-1,-1,-1,-1,-1,-1,-1,-1,-1,-1,-1,-1,-1,-1,-1,-1,-1,158,183,157,-1,-1,-1,-1,-1,-1,-1,-1,-1,-1,-1,-1
-1,-1,-1,-1,-1,-1,-1,-1,-1,-1,-1,-1,-1,-1,-1,-1,-1,-1,-1,-1,-1,-1,-1,-1,-1,-1,-1,-1,-1,-1,-1,-1,-1,-1,-1,-1,-1,-1,-1,-1,-1,-1,-1,-1,-1,-1,-1,157,-1,-1,-1,-1,-1,-1,-1,-1,-1,-1,-1,-1,-1,-1,-1,156,183,183,183,183,157,-1,-1,-1,-1,-1,-1,-1,-1,-1,-1,-1
-1,-1,-1,-1,-1,-1,-1,-1,-1,-1,-1,-1,-1,-1,-1,-1,-1,-1,-1,-1,-1,-1,-1,-1,-1,-1,-1,-1,-1,-1,-1,-1,-1,-1,-1,-1,-1,-1,-1,-1,-1,-1,-1,-1,158,157,158,183,157,-1,-1,-1,-1,-1,-1,-1,-1,-1,-1,-1,-1,-1,158,183,183,183,183,183,183,155,-1,-1,-1,-1,-1,-1,-1,-1,-1,-1
-1,-1,-1,-1,-1,-1,-1,-1,-1,-1,-1,-1,-1,-1,-1,-1,-1,-1,-1,-1,-1,-1,-1,-1,-1,-1,-1,-1,-1,-1,-1,-1,-1,-1,-1,-1,-1,-1,-1,-1,-1,-1,-1,158,183,183,183,183,183,-1,-1,-1,-1,-1,-1,-1,-1,-1,-1,-1,156,183,183,183,183,183,183,183,183,183,157,-1,-1,-1,-1,-1,-1,-1,-1,-1
-1,-1,-1,-1,-1,-1,-1,-1,-1,-1,-1,-1,-1,-1,-1,-1,-1,-1,-1,-1,-1,-1,-1,-1,-1,-1,-1,-1,-1,-1,-1,-1,-1,-1,-1,-1,-1,-1,-1,-1,-1,158,183,183,183,183,183,183,183,-1,-1,-1,-1,-1,-1,-1,-1,-1,158,183,183,183,183,183,183,183,183,183,183,183,183,183,155,-1,-1,-1,-1,-1,-1,-1
-1,-1,-1,-1,-1,-1,-1,-1,-1,-1,-1,-1,-1,-1,-1,-1,-1,-1,-1,-1,-1,-1,-1,-1,-1,-1,-1,-1,-1,-1,-1,-1,-1,-1,-1,-1,-1,-1,-1,-1,158,183,183,183,183,183,183,183,183,155,-1,-1,-1,-1,-1,-1,-1,158,183,183,183,183,183,183,183,183,183,183,183,183,183,183,183,157,-1,-1,-1,-1,-1,-1
-1,-1,-1,-1,-1,-1,-1,-1,-1,-1,-1,-1,-1,-1,-1,-1,-1,-1,-1,-1,-1,-1,-1,-1,-1,-1,-1,-1,158,157,-1,-1,-1,-1,-1,-1,-1,-1,-1,156,183,183,183,183,183,183,183,183,183,183,157,-1,-1,-1,-1,-1,156,183,183,183,183,183,183,183,183,183,183,183,183,183,183,183,183,183,157,-1,-1,-1,-1,-1
-1,-1,-1,-1,-1,-1,-1,-1,-1,-1,-1,-1,-1,-1,-1,-1,-1,-1,-1,-1,-1,-1,-1,-1,-1,-1,-1,-1,183,183,157,-1,-1,-1,-1,-1,-1,158,183,183,183,183,183,183,183,183,183,183,183,183,183,155,-1,-1,-1,158,183,183,183,183,183,183,183,183,183,183,183,183,183,183,183,183,183,183,183,183,155,-1,-1,-1
-1,-1,-1,-1,-1,-1,-1,-1,-1,-1,-1,-1,-1,-1,-1,-1,-1,-1,-1,-1,-1,-1,-1,-1,-1,-1,-1,156,183,183,183,157,-1,-1,-1,-1,156,183,183,183,183,183,183,183,183,183,183,183,183,183,183,183,157,-1,156,183,183,183,183,183,183,183,183,183,183,183,183,183,183,183,183,183,183,183,183,183,183,183,183,157
-1,-1,-1,-1,-1,-1,-1,-1,-1,-1,-1,-1,-1,-1,-1,-1,-1,-1,-1,-1,-1,-1,-1,-1,-1,-1,158,183,183,183,183,183,157,-1,-1,158,183,183,184,184,184,184,184,184,184,184,184,184,184,184,184,184,184,184,184,184,184,184,289,289,289,292,289,289,289,289,289,289,289,184,184,184,184,183,183,183,183,184,184,184
157,-1,-1,-1,-1,-1,-1,-1,-1,-1,-1,-1,-1,-1,-1,-1,-1,-1,-1,289,289,289,289,289,289,289,289,183,183,183,183,183,183,158,183,183,183,184,184,184,184,184,184,289,289,289,289,289,289,289,289,289,289,289,292,289,289,289,289,289,289,289,289,292,289,292,292,289,289,292,289,184,184,184,184,184,184,184,184,184
183,-1,-1,-1,-1,-1,-1,-1,-1,-1,-1,-1,-1,-1,-1,-1,289,289,289,289,292,289,289,292,289,289,289,289,289,289,289,183,183,183,183,183,184,184,184,184,184,184,292,289,289,292,289,289,292,289,289,289,289,289,289,289,289,289,289,320,337,337,337,337,337,337,337,337,337,289,292,289,184,184,184,184,184,184,184,184
183,157,-1,-1,-1,-1,-1,-1,-1,-1,-1,-1,-1,-1,289,289,289,337,337,337,337,337,337,337,337,337,337,337,337,289,289,289,289,183,183,184,184,184,184,184,289,289,289,289,337,337,337,337,337,337,337,337,337,337,337,337,337,337,337,337,337,337,337,337,337,337,337,337,337,337,337,289,289,184,184,184,184,184,184,184
183,183,-1,-1,-1,-1,-1,-1,-1,-1,-1,-1,-1,292,289,337,337,337,337,337,337,337,353,337,337,337,337,337,337,337,337,289,292,289,183,184,184,184,289,292,289,337,337,337,337,337,337,337,337,337,337,337,337,337,337,337,337,337,337,337,337,337,337,353,353,353,353,353,337,337,337,337,292,289,184,184,184,184,184,184
183,183,155,-1,-1,-1,-1,-1,-1,-1,-1,-1,289,289,337,337,337,337,353,353,353,353,353,353,353,353,353,337,337,337,337,337,289,289,184,184,184,289,289,289,337,337,337,337,353,353,353,337,337,353,353,353,337,337,337,353,353,353,353,353,353,353,353,353,353,369,369,353,353,353,353,337,322,289,289,184,184,184,184,184
183,183,183,-1,-1,-1,-1,-1,-1,-1,-1,-1,289,289,337,353,353,369,369,369,369,369,369,369,369,369,369,353,337,337,337,337,292,292,289,289,289,337,337,337,337,337,353,353,353,353,354,-1,-1,-1,-1,-1,-1,-1,-1,-1,-1,-1,-1,353,353,369,369,369,369,369,369,369,369,369,369,337,337,289,292,289,184,184,184,184
183,183,183,157,-1,-1,-1,-1,-1,-1,-1,289,289,352,353,353,369,353,353,369,369,369,369,369,369,369,369,353,337,272,276,273,289,289,337,337,337,337,337,337,353,353,353,369,369,369,370,-1,-1,-1,-1,-1,-1,-1,-1,-1,-1,-1,-1,369,369,369,369,369,369,369,337,337,353,369,369,337,337,337,289,289,289,184,184,184
183,183,183,183,-1,-1,-1,-1,-1,-1,-1,289,289,336,353,369,369,369,369,369,369,369,369,369,369,369,369,369,353,337,289,289,289,337,337,353,353,353,353,353,353,369,369,369,369,369,370,-1,-1,-1,-1,-1,-1,-1,-1,-1,-1,-1,-1,369,369,369,369,369,369,385,385,337,353,353,369,369,337,337,337,292,292,184,184,184
183,183,183,183,-1,-1,-1,-1,-1,-1,-1,289,289,352,337,369,369,369,369,369,369,369,369,369,369,369,369,369,369,353,337,337,337,337,353,353,369,369,369,369,369,369,369,369,370,-1,-1,-1,-1,-1,-1,-1,-1,-1,-1,-1,-1,-1,-1,-1,369,369,369,385,385,272,277,337,337,353,369,369,337,337,337,337,289,289,184,184
183,183,183,183,-1,-1,-1,-1,-1,-1,-1,-1,289,292,276,277,368,369,369,369,369,369,369,369,369,369,369,369,369,369,353,353,353,353,369,369,369,369,369,369,369,369,369,385,386,385,385,385,385,385,385,385,385,385,385,385,385,385,385,385,385,385,275,276,276,289,289,385,337,353,353,369,369,337,337,338,292,292,184,184
183,183,183,183,155,-1,-1,-1,-1,-1,-1,-1,289,292,289,290,384,385,385,385,385,385,385,385,385,385,385,385,385,385,385,385,385,385,385,385,385,385,385,385,385,385,385,401,402,401,401,401,401,401,401,401,401,401,401,401,401,401,401,401,401,401,401,292,289,289,292,277,337,337,353,369,369,337,337,338,289,289,184,184
183,183,183,183,184,-1,-1,-1,-1,-1,-1,-1,-1,289,292,290,400,401,401,401,401,401,401,401,401,401,401,401,401,401,401,401,401,401,401,401,401,401,401,401,401,401,401,275,276,273,276,276,276,276,273,276,273,276,276,276,276,276,273,276,273,276,273,289,184,184,289,289,385,337,353,353,369,337,337,338,289,292,289,184
183,183,183,183,183,183,157,-1,-1,-1,-1,-1,-1,-1,289,289,276,276,276,276,276,276,276,276,276,276,276,276,276,276,276,276,276,276,276,276,276,276,276,276,276,276,276,289,292,289,289,289,289,292,289,289,292,289,289,289,289,289,292,289,292,289,289,183,184,184,184,289,407,336,337,353,369,369,337,337,322,289,289,184
183,183,183,183,183,183,183,-1,-1,-1,-1,-1,-1,-1,-1,289,289,292,292,289,289,292,289,289,292,289,289,289,292,289,289,289,292,289,289,292,292,289,289,292,289,289,289,292,289,289,184,184,184,184,184,184,184,184,184,184,289,292,289,289,289,184,184,184,184,184,184,289,407,336,353,353,353,369,337,337,338,289,289,184
183,183,183,183,183,183,183,183,183,155,-1,-1,-1,-1,-1,158,183,289,289,289,289,289,292,289,289,289,289,183,183,183,183,183,183,183,183,183,183,183,183,183,183,183,183,184,184,184,184,184,184,184,184,184,184,184,184,184,184,184,184,184,184,184,184,184,184,184,184,289,292,336,353,353,353,369,369,337,338,289,289,184
183,183,183,183,183,183,183,183,183,183,183,157,-1,-1,156,183,183,183,183,183,183,183,183,183,183,183,183,183,183,183,183,183,183,183,183,184,184,184,184,184,184,184,184,184,184,184,184,184,184,184,184,184,184,184,184,184,184,184,184,184,184,184,184,184,184,184,184,289,407,336,337,353,353,369,369,337,338,289,289,184
183,183,183,183,183,183,183,183,183,183,183,183,155,158,183,183,183,183,183,183,183,183,183,183,183,183,183,183,184,184,184,184,184,184,184,184,184,184,184,184,184,184,184,184,289,289,289,292,289,289,289,289,289,184,184,184,184,184,184,184,184,184,184,184,184,184,289,292,289,336,337,353,353,369,369,337,338,289,289,184
183,183,183,183,183,183,183,183,183,183,183,183,183,183,183,183,183,183,183,183,183,183,183,183,184,184,184,184,184,184,184,184,184,184,184,184,184,184,184,184,289,289,289,292,390,292,292,390,390,391,390,292,289,289,289,184,184,184,184,184,184,184,184,184,184,289,289,390,337,337,337,353,353,369,337,337,338,292,289,184
184,183,183,183,183,183,183,183,183,183,183,183,183,183,183,183,183,183,183,183,183,183,184,184,184,184,184,289,289,289,289,289,184,184,184,184,184,184,289,289,292,289,390,390,337,337,337,337,337,337,337,337,390,292,289,292,289,289,289,289,289,289,289,289,289,292,391,320,337,337,353,353,369,369,337,337,338,289,289,184
184,184,184,184,184,183,183,184,184,184,184,184,183,183,183,183,183,183,183,184,183,184,184,289,292,289,390,391,391,390,390,292,289,289,292,289,289,289,289,390,391,391,337,337,337,337,337,337,337,337,337,337,337,390,390,390,391,292,390,391,391,292,391,390,390,320,337,337,337,337,353,353,369,369,337,338,289,289,289,184
184,184,184,292,292,292,292,184,184,184,184,184,184,184,184,184,184,184,184,184,184,184,289,289,391,390,337,337,337,337,337,390,390,391,391,391,391,390,390,337,337,337,337,337,337,337,337,337,337,337,337,337,337,337,337,337,337,337,337,337,337,337,337,337,337,337,337,337,337,353,353,353,369,369,337,338,289,289,289,184
184,184,292,289,390,390,289,292,289,184,184,184,184,184,184,184,184,184,184,184,289,289,292,390,337,337,337,337,337,337,337,337,337,337,337,337,337,337,337,337,337,337,337,337,337,337,337,337,337,337,337,337,337,337,337,337,337,337,337,337,337,337,337,337,337,337,337,337,337,353,353,369,369,369,337,338,289,292,289,184
292,289,390,391,337,337,390,391,390,289,289,184,184,184,184,184,184,289,289,390,390,391,390,337,337,337,337,337,337,337,337,337,337,337,337,337,337,337,337,337,337,337,337,337,353,353,353,353,337,337,337,337,337,337,337,337,337,337,337,337,337,337,337,337,337,337,337,337,337,353,353,369,369,369,337,338,289,289,289,184
390,391,337,337,337,337,337,337,337,390,390,289,292,289,289,292,289,289,390,337,337,337,337,337,337,337,337,353,353,353,337,337,337,337,337,353,337,337,337,337,337,353,353,353,353,353,353,353,353,353,337,337,337,337,337,337,337,337,353,372,372,372,353,337,337,337,353,353,353,369,369,369,369,369,337,338,292,289,289,184
337,337,337,337,337,337,337,337,337,337,337,390,391,391,391,391,390,390,337,337,337,337,337,337,337,337,353,353,353,353,369,353,369,353,353,353,353,353,353,353,353,353,353,353,369,369,369,369,353,353,353,353,337,337,337,337,337,353,353,372,372,372,353,353,353,353,353,353,369,369,369,369,369,337,337,338,289,289,184,184
337,337,337,337,337,337,337,337,337,337,337,337,337,337,337,337,337,337,337,337,337,337,353,353,353,353,353,353,369,369,369,369,369,369,369,353,353,353,353,353,353,353,353,353,369,369,369,369,353,353,353,353,353,353,353,353,353,353,353,372,372,372,353,353,353,353,353,369,369,369,369,369,369,337,338,288,289,184,184,184
353,353,353,353,353,353,353,337,337,337,337,337,337,337,337,337,337,337,337,337,353,353,353,353,353,353,369,369,369,320,321,321,321,321,321,322,369,369,369,369,369,369,369,369,369,369,369,369,369,369,369,353,353,353,353,353,353,353,372,372,372,372,369,369,369,369,369,369,369,369,369,337,337,337,338,288,289,184,184,184
369,369,369,369,369,369,353,353,353,353,353,337,337,337,337,337,353,353,353,353,353,353,353,369,369,369,369,369,369,369,369,369,369,369,369,369,369,369,369,369,369,369,369,369,369,272,276,273,273,276,273,274,369,353,353,369,369,369,369,372,369,369,369,369,369,369,369,369,369,353,272,276,273,273,273,292,289,184,184,184
369,369,369,369,369,369,369,369,353,353,353,353,353,353,353,353,353,353,353,353,353,353,369,369,369,369,369,369,369,369,369,369,369,369,369,369,369,369,369,369,369,369,369,369,369,369,292,289,289,289,289,369,369,369,369,369,369,369,369,369,369,369,369,369,369,369,369,369,337,337,369,289,289,289,289,289,289,184,184,184
369,369,369,369,369,369,369,369,369,369,369,369,369,353,353,369,353,353,353,353,369,369,369,369,369,369,272,273,276,274,384,385,385,385,385,385,337,337,337,337,337,337,337,337,337,337,288,292,289,289,290,369,369,369,369,369,279,369,369,-1,-1,-1,372,372,372,369,337,337,337,337,369,288,289,289,289,289,289,184,184,184
385,385,385,385,385,385,369,369,369,369,369,369,369,369,369,369,369,369,369,369,369,369,369,369,369,369,288,292,289,289,273,273,276,273,273,274,353,353,353,353,353,353,353,353,353,353,288,289,292,289,290,385,385,385,385,369,372,372,369,-1,-1,-1,372,372,372,385,385,385,385,385,385,288,292,289,292,289,184,184,184,184
273,276,273,276,276,273,385,369,369,369,369,369,369,369,369,369,369,369,369,369,369,369,369,369,369,369,288,289,292,289,289,289,289,289,292,289,273,273,276,273,273,273,276,273,276,273,289,289,289,289,290,369,385,385,372,372,372,372,372,-1,-1,-1,372,372,372,372,372,372,372,372,372,288,289,289,289,289,184,184,184,184
289,292,289,292,289,289,274,385,369,369,369,369,369,369,369,369,369,369,369,369,369,369,369,369,369,272,289,184,184,184,289,292,289,289,289,292,289,289,289,292,289,289,289,292,289,289,289,289,289,292,290,372,372,372,372,372,372,372,372,-1,-1,-1,372,372,372,372,372,372,372,372,372,288,289,289,289,289,184,184,184,184
184,184,184,184,289,292,289,274,385,385,385,385,385,385,385,385,385,385,385,385,385,385,385,385,386,288,292,184,184,184,184,184,184,184,184,184,289,289,289,289,289,289,289,289,289,289,289,289,289,289,290,372,372,372,372,372,372,372,372,-1,-1,-1,372,372,372,372,372,372,372,372,372,288,292,289,292,289,184,184,184,184
184,184,184,184,184,184,289,289,274,400,401,401,401,401,401,401,401,401,401,401,401,401,401,402,275,289,289,184,184,184,184,184,184,184,184,184,184,184,184,184,184,184,184,184,184,184,289,292,289,289,290,372,372,372,372,372,372,372,372,-1,-1,-1,372,372,372,372,372,372,372,372,372,288,289,289,289,289,184,184,184,184
184,184,184,184,184,184,184,292,289,273,273,273,273,273,273,273,273,273,273,273,273,273,273,276,292,289,184,184,184,184,184,184,184,184,184,184,184,184,184,184,184,184,184,184,184,184,183,289,289,292,290,372,372,372,372,372,372,372,372,-1,-1,-1,372,372,372,372,372,372,372,372,372,288,289,289,289,289,184,184,184,184
184,184,184,184,184,184,184,184,289,289,289,292,289,289,289,292,289,289,289,289,292,289,289,289,289,184,184,184,184,184,184,184,184,184,184,184,184,184,184,184,184,184,184,184,184,184,184,184,289,289,290,372,372,372,372,372,372,372,372,-1,-1,-1,372,372,372,372,372,372,372,372,372,288,289,292,289,184,184,184,184,184
184,184,184,184,184,184,184,184,184,184,184,184,184,184,184,184,184,184,184,184,184,184,184,184,184,184,184,184,184,184,184,184,184,184,184,184,184,184,184,184,184,184,184,184,184,184,184,184,184,289,290,372,372,372,372,372,372,372,372,-1,-1,-1,372,372,372,372,372,372,372,372,372,288,289,289,183,184,184,184,184,184
184,184,184,184,184,184,184,184,184,184,184,184,184,184,184,184,184,184,184,184,184,184,184,184,184,184,184,184,184,184,184,184,184,184,184,184,184,184,184,184,184,184,184,184,184,184,184,184,184,184,290,372,372,372,372,372,372,372,372,-1,-1,-1,372,372,372,372,372,372,372,372,372,288,289,184,184,184,184,184,184,184
LAYER
-1,-1,-1,-1,-1,-1,-1,-1,-1,-1,-1,-1,-1,-1,-1,-1,-1,-1,-1,-1,-1,-1,-1,-1,-1,-1,-1,-1,-1,-1,-1,-1,-1,-1,-1,-1,-1,-1,-1,-1,-1,-1,-1,-1,-1,-1,-1,-1,-1,-1,-1,-1,-1,-1,-1,-1,-1,-1,-1,-1,-1,-1,-1,-1,-1,-1,-1,-1,-1,-1,-1,-1,-1,-1,-1,-1,-1,-1,-1,-1
-1,-1,-1,-1,-1,-1,-1,-1,-1,-1,-1,-1,-1,-1,-1,-1,-1,-1,-1,-1,-1,-1,-1,-1,-1,-1,-1,-1,-1,-1,-1,-1,-1,-1,-1,-1,-1,-1,-1,-1,-1,-1,-1,-1,-1,-1,-1,-1,-1,-1,-1,-1,-1,-1,-1,-1,-1,-1,-1,-1,-1,-1,-1,-1,-1,-1,-1,-1,-1,-1,-1,-1,-1,-1,-1,-1,-1,-1,-1,-1
-1,-1,-1,-1,-1,-1,-1,-1,-1,-1,-1,-1,-1,-1,-1,-1,-1,-1,-1,-1,-1,-1,-1,-1,-1,-1,-1,-1,-1,-1,-1,-1,-1,-1,-1,-1,-1,-1,-1,-1,-1,-1,-1,-1,-1,-1,-1,-1,-1,-1,-1,-1,-1,-1,-1,-1,-1,-1,-1,-1,-1,-1,-1,-1,-1,-1,-1,-1,-1,-1,-1,-1,-1,-1,-1,-1,-1,-1,-1,-1
-1,-1,-1,-1,-1,-1,-1,-1,-1,-1,-1,-1,-1,-1,-1,-1,-1,-1,-1,-1,-1,-1,-1,-1,-1,-1,-1,-1,-1,-1,-1,-1,-1,-1,-1,-1,-1,-1,-1,-1,-1,-1,-1,-1,-1,-1,-1,-1,-1,-1,-1,-1,-1,-1,-1,-1,-1,-1,-1,-1,-1,-1,-1,-1,-1,-1,-1,-1,-1,-1,-1,-1,-1,-1,-1,-1,-1,-1,-1,-1
-1,-1,-1,-1,-1,-1,-1,-1,-1,-1,-1,-1,-1,-1,-1,-1,-1,-1,-1,-1,-1,-1,-1,-1,-1,-1,-1,-1,-1,-1,-1,-1,-1,-1,-1,-1,-1,-1,-1,-1,-1,-1,-1,-1,-1,-1,-1,-1,-1,-1,-1,-1,-1,-1,-1,-1,-1,-1,-1,-1,-1,-1,-1,-1,-1,-1,-1,-1,-1,-1,-1,-1,-1,-1,-1,-1,-1,-1,-1,-1
-1,-1,-1,-1,-1,-1,-1,-1,-1,-1,-1,-1,-1,-1,-1,-1,-1,-1,-1,-1,-1,-1,-1,-1,-1,-1,-1,-1,-1,-1,-1,-1,-1,-1,-1,-1,-1,-1,-1,-1,-1,-1,-1,-1,-1,-1,-1,-1,-1,-1,-1,-1,-1,-1,-1,-1,-1,-1,-1,-1,-1,-1,-1,-1,-1,-1,-1,-1,-1,-1,-1,-1,-1,-1,-1,-1,-1,-1,-1,-1
-1,-1,-1,-1,-1,-1,-1,-1,-1,-1,-1,-1,-1,-1,-1,-1,-1,-1,-1,-1,-1,-1,-1,-1,-1,-1,-1,-1,-1,-1,-1,-1,-1,-1,-1,-1,-1,-1,-1,-1,-1,-1,-1,-1,-1,-1,-1,-1,-1,-1,-1,-1,-1,-1,-1,-1,-1,-1,-1,-1,-1,-1,-1,-1,-1,-1,-1,-1,-1,-1,-1,-1,-1,-1,-1,-1,-1,-1,-1,-1
-1,-1,-1,-1,-1,-1,-1,-1,-1,-1,-1,-1,-1,-1,-1,-1,-1,-1,-1,-1,-1,-1,-1,-1,-1,-1,-1,-1,-1,-1,-1,-1,-1,-1,-1,-1,-1,-1,-1,-1,-1,-1,-1,-1,-1,-1,-1,-1,-1,-1,-1,-1,-1,-1,-1,-1,-1,-1,-1,-1,-1,-1,-1,-1,-1,-1,-1,-1,-1,-1,-1,-1,-1,-1,-1,-1,-1,-1,-1,-1
-1,-1,-1,-1,-1,-1,-1,-1,-1,-1,-1,-1,-1,-1,-1,-1,-1,-1,-1,-1,-1,-1,-1,-1,-1,-1,-1,-1,-1,-1,-1,-1,-1,-1,-1,-1,-1,-1,-1,-1,-1,-1,-1,-1,-1,-1,-1,-1,-1,-1,-1,-1,-1,-1,-1,-1,-1,-1,-1,-1,-1,-1,-1,-1,-1,-1,-1,-1,-1,-1,-1,-1,-1,-1,-1,-1,-1,-1,-1,-1
-1,-1,-1,-1,-1,-1,-1,-1,-1,-1,-1,-1,-1,-1,-1,-1,-1,-1,-1,-1,-1,-1,-1,-1,-1,-1,-1,-1,-1,-1,-1,-1,-1,-1,-1,-1,-1,-1,-1,-1,-1,-1,-1,-1,-1,-1,-1,-1,-1,-1,-1,-1,-1,-1,-1,-1,-1,-1,-1,-1,-1,-1,-1,-1,-1,-1,-1,-1,-1,-1,-1,-1,-1,-1,-1,-1,-1,-1,-1,-1
-1,-1,-1,-1,-1,-1,-1,-1,-1,-1,-1,-1,-1,-1,-1,-1,-1,-1,-1,-1,-1,-1,-1,-1,-1,-1,-1,-1,-1,-1,-1,-1,-1,-1,-1,-1,-1,-1,-1,-1,-1,-1,-1,-1,-1,-1,-1,-1,-1,-1,-1,-1,-1,-1,-1,-1,-1,-1,-1,-1,-1,-1,-1,-1,-1,-1,-1,-1,-1,-1,-1,-1,-1,-1,-1,-1,-1,-1,-1,-1
-1,-1,-1,-1,-1,-1,-1,-1,-1,-1,-1,-1,-1,-1,-1,-1,-1,-1,-1,-1,-1,-1,-1,-1,-1,-1,-1,-1,-1,-1,-1,-1,-1,-1,-1,-1,244,-1,-1,-1,-1,-1,-1,-1,-1,-1,-1,-1,-1,-1,-1,-1,-1,-1,-1,-1,-1,-1,-1,-1,-1,-1,-1,-1,-1,-1,-1,-1,-1,-1,-1,-1,-1,-1,-1,-1,-1,-1,-1,-1
-1,-1,-1,-1,-1,-1,-1,-1,-1,-1,-1,-1,-1,-1,-1,-1,-1,-1,-1,-1,-1,-1,-1,-1,-1,-1,-1,-1,-1,-1,-1,-1,-1,-1,-1,-1,-1,-1,-1,-1,-1,-1,-1,-1,-1,-1,-1,-1,-1,-1,-1,-1,-1,-1,-1,-1,-1,-1,-1,-1,-1,-1,-1,-1,-1,-1,-1,-1,-1,-1,-1,-1,-1,-1,-1,-1,-1,-1,-1,-1
-1,-1,-1,-1,-1,-1,-1,-1,-1,-1,-1,-1,-1,-1,-1,-1,-1,-1,-1,-1,-1,-1,-1,-1,-1,-1,-1,-1,-1,-1,-1,-1,-1,-1,-1,-1,-1,-1,-1,-1,-1,-1,-1,-1,-1,-1,-1,-1,-1,-1,-1,-1,-1,-1,-1,-1,-1,-1,-1,-1,-1,-1,-1,-1,-1,-1,-1,-1,-1,-1,-1,-1,-1,-1,-1,-1,244,-1,-1,-1
-1,-1,-1,-1,-1,-1,-1,-1,-1,-1,-1,-1,-1,-1,-1,-1,-1,-1,-1,-1,-1,378,-1,-1,-1,-1,-1,-1,-1,-1,-1,-1,-1,-1,-1,-1,-1,-1,-1,-1,-1,-1,-1,-1,-1,-1,-1,-1,-1,-1,-1,-1,-1,-1,-1,-1,-1,-1,-1,-1,-1,-1,-1,-1,-1,-1,-1,-1,-1,-1,-1,-1,-1,-1,-1,-1,-1,-1,-1,-1
-1,-1,-1,-1,-1,-1,-1,-1,-1,-1,-1,-1,-1,-1,-1,-1,-1,-1,-1,-1,-1,-1,-1,-1,-1,-1,-1,-1,-1,-1,-1,-1,-1,-1,-1,-1,-1,-1,-1,-1,-1,-1,-1,-1,-1,-1,-1,-1,-1,-1,-1,-1,-1,-1,-1,-1,-1,-1,-1,-1,-1,-1,-1,-1,-1,-1,-1,-1,-1,-1,-1,-1,-1,-1,-1,-1,-1,-1,-1,-1
-1,-1,-1,-1,-1,-1,-1,-1,-1,-1,-1,-1,-1,-1,-1,-1,-1,-1,-1,-1,-1,-1,-1,-1,-1,-1,-1,-1,-1,-1,-1,-1,-1,-1,-1,-1,-1,-1,-1,-1,-1,-1,-1,-1,-1,-1,-1,278,279,282,279,282,279,282,279,279,282,279,283,-1,-1,-1,-1,-1,-1,-1,-1,-1,-1,-1,-1,-1,-1,-1,-1,-1,-1,-1,-1,-1
-1,-1,-1,-1,-1,-1,-1,-1,-1,-1,-1,-1,-1,-1,-1,-1,-1,278,279,279,279,279,279,279,279,280,-1,-1,-1,-1,-1,-1,-1,-1,-1,-1,-1,-1,-1,-1,-1,-1,-1,-1,-1,-1,-1,294,295,298,295,298,295,298,295,295,298,295,299,-1,-1,-1,-1,-1,-1,-1,-1,-1,-1,-1,-1,-1,-1,-1,-1,-1,-1,-1,-1,-1
-1,-1,-1,-1,-1,-1,-1,-1,-1,-1,-1,-1,-1,-1,-1,-1,-1,294,295,295,295,295,295,295,295,296,-1,-1,-1,-1,-1,-1,-1,-1,-1,-1,-1,-1,-1,-1,-1,-1,-1,-1,-1,-1,-1,310,311,314,311,314,311,314,311,311,314,311,315,-1,-1,-1,-1,-1,-1,-1,-1,-1,-1,-1,-1,-1,-1,-1,-1,-1,-1,-1,-1,-1
-1,-1,-1,-1,-1,-1,-1,-1,-1,-1,-1,-1,-1,-1,-1,-1,-1,294,295,295,295,295,295,295,295,296,-1,-1,-1,-1,-1,-1,-1,-1,-1,-1,-1,-1,-1,-1,-1,-1,-1,-1,-1,278,279,282,279,282,282,282,279,282,279,282,282,279,282,282,283,-1,-1,-1,-1,-1,-1,-1,-1,-1,-1,-1,-1,-1,-1,-1,-1,-1,-1,-1
-1,-1,-1,-1,-1,-1,-1,-1,-1,-1,-1,-1,-1,-1,-1,-1,-1,294,296,278,279,279,279,279,279,279,279,279,280,-1,-1,-1,-1,-1,-1,-1,-1,-1,-1,-1,-1,-1,-1,-1,-1,294,295,298,295,298,298,298,295,298,295,298,298,295,298,298,299,-1,329,-1,-1,-1,-1,-1,-1,-1,-1,-1,-1,-1,-1,-1,-1,-1,-1,-1
-1,-1,-1,-1,-1,-1,-1,-1,-1,-1,-1,-1,-1,-1,-1,-1,-1,294,296,294,295,295,295,295,295,295,295,295,296,-1,-1,-1,-1,-1,-1,-1,-1,-1,-1,-1,-1,-1,-1,-1,-1,310,311,314,311,314,314,314,311,314,311,314,314,311,314,314,315,-1,317,-1,-1,-1,-1,-1,377,-1,-1,-1,-1,-1,-1,-1,-1,-1,-1,-1
-1,-1,-1,-1,-1,157,-1,-1,-1,-1,-1,-1,-1,-1,-1,-1,-1,310,312,310,311,311,311,311,311,311,311,311,312,-1,-1,-1,-1,-1,-1,-1,-1,-1,-1,-1,-1,-1,-1,-1,-1,-1,-1,-1,-1,-1,-1,-1,-1,-1,-1,-1,-1,-1,-1,-1,-1,-1,-1,-1,-1,-1,-1,-1,-1,-1,-1,-1,-1,-1,-1,-1,-1,-1,-1,-1
-1,-1,-1,-1,-1,-1,-1,-1,-1,-1,-1,-1,-1,-1,-1,-1,-1,-1,-1,-1,-1,-1,-1,-1,-1,-1,-1,-1,-1,-1,-1,-1,-1,-1,-1,-1,-1,-1,-1,-1,-1,-1,-1,-1,-1,-1,-1,-1,-1,-1,-1,-1,-1,-1,-1,-1,-1,-1,-1,-1,-1,-1,-1,-1,-1,-1,-1,-1,-1,-1,-1,-1,-1,-1,-1,-1,-1,-1,-1,-1
-1,-1,244,-1,-1,-1,-1,157,-1,-1,-1,-1,-1,-1,-1,-1,-1,-1,-1,-1,-1,-1,-1,-1,-1,-1,-1,-1,-1,-1,-1,-1,-1,-1,-1,-1,-1,-1,-1,-1,-1,-1,-1,-1,-1,-1,-1,-1,-1,-1,-1,-1,-1,-1,-1,-1,-1,-1,-1,-1,-1,-1,-1,-1,-1,-1,-1,-1,-1,-1,-1,-1,369,-1,-1,-1,-1,-1,-1,-1
-1,-1,-1,-1,-1,-1,-1,-1,-1,-1,-1,-1,-1,-1,-1,-1,-1,-1,-1,-1,-1,-1,-1,-1,-1,-1,-1,-1,-1,-1,-1,-1,-1,-1,-1,-1,-1,-1,-1,-1,-1,-1,-1,-1,-1,-1,-1,-1,-1,-1,244,-1,-1,-1,-1,-1,-1,-1,-1,-1,-1,-1,-1,-1,244,-1,-1,-1,-1,-1,-1,-1,369,-1,-1,-1,-1,-1,-1,-1
-1,-1,-1,-1,-1,-1,-1,-1,-1,-1,-1,-1,-1,-1,-1,-1,-1,-1,-1,-1,-1,-1,-1,-1,-1,-1,-1,-1,-1,-1,-1,-1,-1,-1,244,-1,-1,-1,-1,244,-1,-1,-1,-1,-1,-1,-1,-1,-1,-1,-1,-1,-1,-1,-1,-1,-1,-1,-1,-1,-1,-1,-1,-1,-1,-1,-1,-1,-1,-1,-1,-1,369,-1,-1,-1,-1,-1,-1,-1
-1,-1,-1,-1,-1,-1,-1,-1,-1,-1,-1,-1,157,-1,-1,-1,-1,-1,-1,-1,-1,-1,-1,-1,-1,-1,-1,-1,-1,-1,-1,-1,-1,-1,-1,-1,-1,-1,-1,-1,-1,-1,-1,-1,-1,-1,-1,-1,-1,-1,-1,-1,-1,-1,-1,-1,-1,-1,-1,244,-1,-1,-1,-1,-1,-1,-1,-1,-1,-1,-1,-1,369,-1,-1,-1,-1,-1,-1,-1
-1,244,-1,-1,-1,-1,-1,244,-1,-1,-1,-1,-1,-1,-1,-1,-1,-1,244,-1,-1,-1,-1,244,-1,-1,-1,-1,-1,-1,-1,-1,-1,-1,-1,-1,-1,-1,-1,-1,-1,-1,-1,-1,-1,-1,-1,-1,-1,-1,-1,-1,-1,-1,-1,-1,-1,-1,-1,-1,-1,-1,-1,-1,-1,-1,-1,-1,-1,-1,-1,-1,369,-1,-1,-1,-1,-1,-1,-1
-1,-1,-1,-1,-1,-1,-1,-1,-1,-1,-1,-1,-1,-1,-1,-1,-1,-1,-1,-1,-1,-1,-1,-1,-1,-1,-1,-1,-1,-1,-1,-1,-1,-1,-1,-1,-1,-1,-1,-1,-1,-1,-1,-1,-1,-1,-1,-1,-1,-1,-1,-1,-1,-1,-1,-1,-1,-1,-1,-1,-1,-1,-1,-1,-1,-1,-1,-1,-1,-1,-1,-1,-1,-1,-1,-1,-1,-1,-1,-1
-1,-1,-1,-1,-1,-1,-1,-1,-1,-1,-1,-1,-1,-1,-1,-1,-1,-1,-1,-1,-1,-1,-1,-1,-1,-1,-1,-1,-1,-1,-1,-1,-1,-1,-1,-1,-1,-1,-1,-1,-1,-1,-1,-1,-1,-1,-1,-1,-1,-1,-1,-1,-1,-1,-1,-1,-1,-1,-1,-1,-1,-1,-1,-1,-1,-1,-1,-1,-1,-1,-1,-1,-1,-1,-1,-1,-1,-1,-1,-1
-1,-1,-1,-1,-1,-1,-1,-1,-1,-1,-1,-1,-1,-1,-1,244,-1,-1,-1,-1,-1,-1,-1,-1,-1,-1,-1,-1,-1,-1,-1,-1,-1,-1,-1,-1,-1,-1,-1,-1,-1,-1,-1,-1,-1,-1,-1,-1,-1,-1,-1,-1,-1,-1,-1,-1,-1,-1,-1,-1,-1,-1,-1,-1,-1,-1,-1,-1,-1,-1,-1,-1,-1,-1,-1,-1,-1,-1,-1,-1
-1,-1,-1,-1,-1,-1,-1,-1,-1,-1,-1,-1,-1,-1,-1,-1,-1,-1,-1,-1,-1,-1,-1,-1,-1,-1,-1,-1,-1,-1,-1,-1,-1,-1,-1,-1,-1,-1,-1,-1,-1,-1,-1,-1,-1,-1,-1,-1,-1,-1,-1,-1,-1,-1,-1,-1,-1,-1,-1,-1,-1,-1,-1,-1,-1,-1,-1,-1,-1,-1,-1,-1,-1,-1,-1,-1,-1,-1,-1,-1
-1,-1,-1,-1,-1,-1,-1,-1,-1,-1,-1,-1,-1,-1,-1,-1,-1,-1,-1,-1,-1,-1,-1,-1,-1,-1,-1,-1,-1,-1,-1,-1,-1,-1,-1,-1,-1,-1,-1,-1,-1,-1,-1,-1,-1,-1,-1,-1,-1,-1,-1,-1,-1,-1,-1,-1,-1,-1,-1,-1,-1,-1,-1,-1,-1,-1,-1,-1,-1,-1,-1,-1,-1,-1,-1,-1,-1,-1,-1,-1
-1,-1,-1,-1,-1,-1,-1,-1,-1,-1,-1,-1,-1,-1,-1,-1,-1,-1,-1,-1,-1,-1,-1,-1,-1,-1,-1,-1,-1,-1,-1,-1,-1,-1,-1,-1,-1,-1,-1,-1,-1,-1,-1,-1,-1,-1,-1,-1,-1,-1,-1,-1,-1,-1,-1,-1,-1,-1,-1,281,282,280,-1,-1,-1,-1,-1,-1,-1,-1,-1,-1,-1,-1,-1,-1,-1,-1,-1,-1
-1,-1,-1,-1,-1,-1,-1,-1,-1,-1,-1,-1,-1,-1,-1,-1,-1,-1,-1,-1,-1,-1,-1,-1,-1,-1,-1,-1,-1,-1,348,-1,349,-1,-1,-1,-1,-1,-1,-1,-1,-1,-1,-1,-1,-1,-1,-1,-1,-1,-1,-1,-1,-1,-1,-1,-1,-1,-1,297,298,299,-1,-1,-1,-1,-1,-1,-1,-1,-1,-1,-1,-1,-1,-1,-1,-1,-1,-1
-1,-1,-1,-1,-1,-1,-1,-1,-1,-1,-1,-1,-1,-1,-1,-1,-1,-1,-1,-1,-1,-1,-1,-1,-1,-1,-1,-1,-1,-1,39,-1,-1,-1,-1,-1,-1,-1,-1,-1,-1,-1,-1,-1,-1,-1,-1,-1,-1,-1,-1,-1,-1,-1,-1,-1,-1,-1,-1,313,314,315,-1,-1,-1,-1,-1,-1,-1,-1,-1,-1,365,-1,-1,-1,-1,-1,-1,-1
-1,-1,-1,-1,-1,-1,-1,-1,-1,-1,-1,-1,-1,-1,-1,-1,-1,-1,-1,-1,-1,-1,-1,-1,-1,-1,-1,-1,-1,278,279,279,279,279,279,280,-1,-1,-1,-1,-1,-1,-1,-1,-1,-1,-1,-1,-1,-1,-1,-1,-1,-1,-1,-1,-1,-1,272,273,276,273,277,-1,-1,-1,-1,-1,-1,-1,-1,-1,-1,-1,-1,-1,-1,-1,-1,-1
-1,-1,-1,-1,-1,-1,-1,-1,-1,-1,-1,-1,-1,-1,-1,-1,-1,-1,-1,-1,-1,-1,-1,-1,-1,-1,-1,-1,-1,294,295,295,295,295,295,296,-1,-1,-1,-1,-1,-1,-1,-1,-1,329,-1,-1,-1,-1,-1,-1,-1,-1,-1,-1,-1,-1,317,289,289,289,316,-1,-1,-1,-1,-1,-1,-1,-1,-1,-1,-1,-1,-1,-1,-1,-1,-1
-1,-1,-1,-1,-1,-1,-1,-1,-1,-1,-1,-1,-1,-1,-1,-1,281,282,280,-1,-1,-1,-1,-1,-1,-1,-1,-1,-1,294,295,295,295,295,295,296,-1,-1,-1,-1,-1,-1,-1,-1,-1,317,-1,-1,-1,-1,-1,318,-1,-1,-1,-1,-1,-1,-1,298,295,298,-1,-1,-1,-1,-1,-1,-1,-1,319,-1,-1,-1,-1,-1,-1,-1,-1,-1
-1,-1,-1,-1,-1,-1,-1,-1,-1,-1,-1,-1,-1,-1,-1,-1,297,298,299,-1,-1,-1,-1,-1,380,381,-1,-1,-1,-1,311,311,311,311,311,312,-1,-1,-1,-1,-1,-1,-1,-1,-1,345,-1,-1,-1,-1,-1,-1,-1,-1,-1,278,-1,279,282,295,295,295,279,282,282,279,283,-1,-1,-1,-1,-1,-1,-1,-1,-1,-1,-1,-1,-1
-1,-1,-1,-1,-1,-1,-1,-1,-1,-1,-1,-1,-1,-1,-1,-1,313,314,315,-1,-1,-1,-1,-1,380,381,-1,-1,-1,-1,-1,-1,-1,-1,-1,-1,-1,-1,-1,39,-1,-1,-1,-1,-1,361,-1,-1,-1,-1,-1,-1,-1,-1,-1,294,295,295,295,295,295,295,295,295,295,295,299,377,-1,-1,-1,-1,-1,-1,-1,-1,-1,-1,-1,-1
-1,-1,-1,-1,-1,-1,363,363,363,363,363,363,363,363,363,278,279,282,279,280,363,363,363,363,380,381,-1,-1,-1,-1,-1,-1,-1,-1,-1,-1,-1,-1,-1,-1,-1,-1,-1,-1,-1,-1,-1,-1,289,289,-1,323,324,324,324,325,295,298,295,298,295,295,298,298,295,295,323,324,324,324,325,-1,-1,-1,-1,-1,-1,-1,-1,-1
-1,-1,-1,-1,-1,-1,-1,-1,-1,-1,-1,-1,-1,-1,-1,294,295,295,295,296,-1,-1,-1,-1,-1,-1,-1,-1,-1,-1,-1,-1,-1,-1,-1,-1,-1,-1,-1,-1,-1,-1,-1,-1,-1,-1,-1,-1,-1,-1,-1,339,340,340,340,341,295,295,295,295,295,295,295,295,295,298,339,340,340,340,341,-1,-1,-1,-1,-1,-1,-1,244,-1
-1,-1,-1,-1,-1,-1,-1,-1,-1,-1,-1,-1,-1,-1,-1,294,295,295,295,296,-1,-1,-1,-1,-1,-1,-1,-1,-1,-1,-1,-1,-1,-1,-1,-1,-1,-1,-1,-1,-1,-1,-1,-1,-1,-1,-1,-1,-1,-1,-1,355,356,356,356,357,295,298,295,298,295,295,298,298,295,298,355,356,356,356,357,-1,-1,-1,-1,-1,-1,-1,-1,-1
-1,-1,-1,-1,-1,-1,-1,-1,-1,-1,-1,-1,-1,-1,-1,310,311,311,311,312,-1,-1,-1,-1,-1,-1,-1,-1,-1,-1,-1,-1,-1,-1,-1,-1,-1,-1,-1,-1,-1,-1,-1,-1,-1,-1,-1,-1,-1,-1,-1,371,372,372,372,373,298,295,298,295,298,298,295,295,295,295,371,372,372,372,373,-1,-1,-1,-1,-1,-1,-1,-1,-1
-1,-1,-1,-1,-1,-1,-1,-1,-1,-1,-1,-1,-1,-1,-1,-1,-1,-1,-1,-1,-1,-1,-1,-1,-1,-1,-1,-1,-1,-1,-1,-1,-1,-1,244,-1,-1,-1,-1,-1,-1,-1,-1,-1,-1,-1,-1,-1,-1,-1,-1,371,372,372,372,373,295,295,295,295,295,295,295,295,295,298,371,372,372,372,373,-1,-1,-1,-1,-1,-1,-1,-1,-1
-1,-1,-1,244,-1,-1,-1,-1,-1,-1,-1,-1,-1,-1,-1,-1,-1,-1,-1,-1,-1,-1,-1,-1,-1,-1,-1,-1,-1,-1,244,-1,-1,-1,-1,-1,-1,-1,-1,-1,-1,-1,-1,-1,-1,-1,-1,-1,-1,-1,-1,355,356,356,356,357,295,295,295,295,295,295,295,295,295,295,355,356,356,356,357,-1,-1,-1,-1,-1,-1,-1,244,-1
-1,-1,-1,-1,-1,-1,-1,-1,-1,-1,-1,-1,-1,-1,-1,-1,-1,-1,-1,-1,-1,-1,-1,-1,-1,-1,-1,-1,-1,-1,-1,-1,-1,-1,-1,-1,-1,-1,-1,-1,-1,-1,-1,244,-1,-1,-1,-1,-1,-1,-1,339,340,340,340,341,295,298,295,298,295,295,298,298,295,298,339,340,340,340,341,-1,-1,-1,-1,-1,-1,-1,-1,-1
-1,-1,-1,-1,-1,-1,-1,-1,-1,-1,-1,-1,-1,-1,-1,-1,-1,-1,244,-1,-1,-1,-1,-1,-1,-1,-1,-1,-1,-1,-1,-1,-1,-1,-1,-1,-1,-1,-1,-1,-1,-1,-1,-1,-1,-1,-1,-1,-1,-1,-1,387,388,388,388,389,295,295,295,295,295,295,295,295,295,295,387,388,388,388,389,-1,-1,-1,-1,-1,-1,-1,-1,-1
LAYER2
-1,-1,-1,-1,-1,-1,-1,-1,-1,-1,-1,-1,-1,-1,-1,-1,-1,-1,-1,-1,-1,-1,-1,-1,-1,-1,-1,-1,-1,-1,-1,-1,-1,-1,-1,-1,-1,-1,-1,-1,-1,-1,-1,-1,-1,-1,-1,-1,-1,-1,-1,-1,-1,-1,-1,-1,-1,-1,-1,-1,-1,-1,-1,-1,-1,-1,-1,-1,-1,-1,-1,-1,-1,-1,-1,-1,-1,-1,-1,-1
-1,-1,-1,-1,-1,-1,-1,-1,-1,-1,-1,-1,-1,-1,-1,-1,-1,-1,-1,-1,-1,-1,-1,-1,-1,-1,-1,-1,-1,-1,-1,-1,-1,-1,-1,-1,-1,-1,-1,-1,-1,-1,-1,-1,-1,-1,-1,-1,-1,-1,-1,-1,-1,-1,-1,-1,-1,-1,-1,-1,-1,-1,-1,-1,-1,-1,-1,-1,-1,-1,-1,-1,-1,-1,-1,-1,-1,-1,-1,-1
-1,-1,-1,-1,-1,-1,-1,-1,-1,-1,-1,-1,-1,-1,-1,-1,-1,-1,-1,-1,-1,-1,-1,-1,-1,-1,-1,-1,-1,-1,-1,-1,-1,-1,-1,-1,-1,-1,-1,-1,-1,-1,-1,-1,-1,-1,-1,-1,-1,-1,-1,-1,-1,-1,-1,-1,-1,-1,-1,-1,-1,-1,-1,-1,-1,-1,-1,-1,-1,-1,-1,-1,-1,-1,-1,-1,-1,-1,-1,-1
-1,-1,-1,-1,-1,-1,-1,-1,-1,-1,-1,-1,-1,-1,-1,-1,-1,-1,-1,-1,-1,-1,-1,-1,-1,-1,-1,-1,-1,-1,-1,-1,-1,-1,-1,-1,-1,-1,-1,-1,-1,-1,-1,-1,-1,-1,-1,-1,-1,-1,-1,-1,-1,-1,-1,-1,-1,-1,-1,-1,-1,-1,-1,-1,-1,-1,-1,-1,-1,-1,-1,-1,-1,-1,-1,-1,-1,-1,-1,-1
-1,-1,-1,-1,-1,-1,-1,-1,-1,-1,-1,-1,-1,-1,-1,-1,-1,-1,-1,-1,-1,-1,-1,-1,-1,-1,-1,-1,-1,-1,-1,-1,-1,-1,-1,-1,-1,-1,-1,-1,-1,-1,-1,-1,-1,-1,-1,-1,-1,-1,-1,-1,-1,-1,-1,-1,-1,-1,-1,-1,-1,-1,-1,-1,-1,-1,-1,-1,-1,-1,-1,-1,-1,-1,-1,-1,-1,-1,-1,-1
-1,-1,-1,-1,-1,-1,-1,-1,-1,-1,-1,-1,-1,-1,-1,-1,-1,-1,-1,-1,-1,-1,-1,-1,-1,-1,-1,-1,-1,-1,-1,-1,-1,-1,-1,-1,-1,-1,-1,-1,-1,-1,-1,-1,-1,-1,-1,-1,-1,-1,-1,-1,-1,-1,-1,-1,-1,-1,-1,-1,-1,-1,-1,-1,-1,-1,-1,-1,-1,-1,-1,-1,-1,-1,-1,-1,-1,-1,-1,-1
-1,-1,-1,-1,-1,-1,-1,-1,-1,-1,-1,-1,-1,-1,-1,-1,-1,-1,-1,-1,-1,-1,-1,-1,-1,-1,-1,-1,-1,-1,-1,-1,-1,-1,-1,-1,-1,-1,-1,-1,-1,-1,-1,-1,-1,-1,-1,-1,-1,-1,-1,-1,-1,-1,-1,-1,-1,-1,-1,-1,-1,-1,-1,-1,-1,-1,-1,-1,-1,-1,-1,-1,-1,-1,-1,-1,-1,-1,-1,-1
-1,-1,-1,-1,-1,-1,-1,-1,-1,-1,-1,-1,-1,-1,-1,-1,-1,-1,-1,-1,-1,-1,-1,-1,-1,-1,-1,-1,-1,-1,-1,-1,-1,-1,-1,-1,-1,-1,-1,-1,-1,-1,-1,-1,-1,-1,-1,-1,-1,-1,-1,-1,-1,-1,-1,-1,-1,-1,-1,-1,-1,-1,-1,-1,-1,-1,-1,-1,-1,-1,-1,-1,-1,-1,-1,-1,-1,-1,-1,-1
-1,-1,-1,-1,-1,-1,-1,-1,-1,-1,-1,-1,-1,-1,-1,-1,-1,-1,-1,-1,-1,-1,-1,-1,-1,-1,-1,-1,-1,-1,-1,-1,-1,-1,-1,-1,-1,-1,-1,-1,-1,-1,-1,-1,-1,-1,-1,-1,-1,-1,-1,-1,-1,-1,-1,-1,-1,-1,-1,-1,-1,-1,-1,-1,-1,-1,-1,-1,-1,-1,-1,-1,-1,-1,-1,-1,-1,-1,-1,-1
-1,-1,-1,-1,-1,-1,-1,-1,-1,-1,-1,-1,-1,-1,-1,-1,-1,-1,-1,-1,-1,-1,-1,-1,-1,-1,-1,-1,-1,-1,-1,-1,-1,-1,-1,-1,-1,-1,-1,-1,-1,-1,-1,-1,-1,-1,-1,-1,-1,-1,-1,-1,-1,-1,-1,-1,-1,-1,-1,-1,-1,-1,-1,-1,-1,-1,-1,-1,-1,-1,-1,-1,-1,-1,-1,-1,-1,-1,-1,-1
-1,-1,-1,-1,-1,-1,-1,-1,-1,-1,-1,-1,-1,-1,-1,-1,-1,-1,-1,-1,-1,-1,-1,-1,-1,-1,-1,-1,-1,-1,-1,-1,-1,-1,-1,-1,-1,-1,-1,-1,-1,-1,-1,-1,-1,-1,-1,-1,-1,-1,-1,-1,-1,-1,-1,-1,-1,333,-1,-1,-1,-1,-1,-1,-1,285,-1,-1,-1,332,-1,-1,-1,-1,-1,-1,-1,-1,-1,-1
-1,-1,-1,-1,-1,-1,-1,-1,-1,-1,-1,-1,-1,-1,-1,-1,-1,-1,333,-1,-1,-1,285,-1,-1,-1,-1,332,-1,-1,-1,-1,-1,-1,-1,-1,-1,-1,-1,-1,-1,-1,333,-1,-1,-1,285,-1,-1,-1,-1,285,-1,-1,-1,-1,-1,285,-1,-1,285,-1,-1,-1,-1,-1,-1,-1,285,-1,-1,332,-1,-1,-1,-1,-1,-1,-1,-1
-1,-1,-1,-1,-1,-1,-1,-1,-1,-1,-1,-1,-1,-1,-1,333,-1,-1,-1,285,-1,-1,-1,-1,285,-1,-1,-1,-1,-1,285,332,-1,-1,-1,-1,-1,-1,-1,-1,-1,333,285,-1,-1,-1,-1,-1,-1,-1,-1,-1,-1,-1,285,-1,-1,-1,-1,316,-1,-1,380,381,-1,-1,-1,-1,317,-1,-1,285,332,-1,-1,-1,-1,-1,-1,-1
-1,-1,-1,-1,-1,-1,-1,-1,-1,-1,-1,-1,-1,333,-1,285,-1,316,-1,-1,-1,392,393,-1,-1,-1,362,-1,317,-1,-1,-1,-1,332,-1,-1,-1,-1,-1,333,-1,-1,-1,-1,316,-1,-1,-1,-1,-1,-1,362,-1,-1,-1,-1,-1,-1,-1,-1,-1,-1,380,381,-1,-1,362,-1,-1,-1,317,-1,-1,332,-1,-1,-1,-1,-1,-1
-1,-1,-1,-1,-1,-1,-1,-1,-1,-1,-1,-1,333,-1,-1,316,-1,-1,-1,-1,-1,-1,-1,-1,-1,-1,-1,-1,-1,-1,317,-1,285,-1,-1,-1,-1,333,-1,285,-1,316,-1,-1,-1,-1,-1,-1,-1,-1,-1,-1,-1,-1,-1,-1,-1,-1,-1,-1,-1,-1,-1,-1,-1,-1,-1,-1,-1,-1,-1,317,-1,-1,332,-1,-1,-1,-1,-1
-1,-1,-1,-1,-1,-1,-1,-1,-1,-1,-1,-1,-1,285,316,362,-1,-1,-1,-1,-1,-1,-1,-1,-1,-1,-1,-1,-1,-1,-1,317,-1,-1,332,-1,333,-1,-1,-1,316,-1,-1,-1,-1,-1,-1,-1,-1,-1,346,-1,-1,-1,347,-1,-1,328,-1,-1,-1,-1,-1,-1,-1,348,349,-1,-1,-1,-1,-1,317,-1,-1,332,-1,-1,-1,-1
-1,-1,-1,-1,-1,-1,-1,-1,-1,-1,-1,333,-1,-1,-1,-1,-1,348,347,-1,-1,-1,-1,-1,-1,-1,349,-1,-1,-1,-1,347,-1,-1,-1,-1,-1,316,380,381,-1,-1,-1,-1,-1,-1,-1,-1,-1,-1,-1,-1,-1,-1,-1,-1,-1,-1,-1,-1,-1,348,-1,-1,-1,-1,-1,-1,-1,-1,349,-1,-1,-1,285,-1,332,-1,-1,-1
-1,-1,-1,-1,-1,-1,-1,-1,-1,-1,-1,285,-1,316,-1,-1,348,-1,-1,-1,-1,-1,-1,329,-1,-1,-1,-1,-1,-1,-1,-1,285,-1,316,-1,-1,-1,380,381,-1,-1,-1,348,-1,-1,-1,-1,-1,301,-1,-1,-1,301,-1,-1,301,-1,-1,-1,-1,-1,-1,-1,-1,365,-1,-1,-1,364,-1,-1,-1,317,-1,-1,-1,-1,-1,-1
-1,-1,-1,-1,-1,-1,-1,-1,-1,-1,-1,-1,-1,29,-1,348,-1,-1,-1,-1,344,-1,-1,345,301,-1,-1,-1,-1,317,-1,-1,-1,316,-1,-1,-1,-1,-1,-1,-1,348,-1,-1,-1,-1,-1,-1,346,-1,-1,-1,-1,-1,-1,-1,-1,-1,-1,-1,-1,-1,-1,-1,-1,29,-1,-1,-1,-1,-1,349,-1,-1,317,285,-1,332,-1,-1
-1,-1,-1,-1,-1,-1,-1,-1,-1,-1,-1,-1,-1,332,-1,346,-1,-1,301,-1,360,-1,-1,361,346,-1,-1,-1,-1,-1,-1,-1,-1,-1,-1,-1,348,-1,-1,-1,-1,-1,-1,-1,-1,-1,-1,-1,-1,-1,-1,-1,-1,-1,-1,-1,-1,-1,-1,-1,-1,-1,-1,346,376,29,-1,-1,-1,-1,364,-1,326,-1,-1,317,-1,-1,-1,-1
-1,-1,-1,-1,-1,-1,-1,-1,-1,-1,-1,317,-1,285,29,29,-1,-1,-1,-1,-1,-1,-1,-1,-1,-1,-1,329,-1,-1,-1,-1,-1,-1,348,-1,-1,-1,-1,-1,-1,-1,-1,-1,-1,-1,-1,-1,301,-1,-1,-1,301,301,-1,-1,-1,301,-1,-1,-1,-1,-1,-1,-1,-1,-1,-1,-1,-1,-1,-1,358,-1,-1,-1,-1,-1,-1,-1
-1,-1,-1,-1,-1,-1,-1,-1,-1,-1,-1,-1,-1,-1,-1,29,-1,-1,-1,-1,-1,301,-1,-1,-1,-1,-1,345,-1,-1,-1,344,-1,-1,-1,-1,-1,-1,-1,-1,-1,-1,-1,-1,-1,-1,-1,-1,-1,346,-1,328,-1,-1,-1,346,-1,-1,-1,347,-1,-1,361,-1,-1,285,-1,-1,-1,-1,-1,364,358,-1,362,376,-1,-1,332,-1
-1,-1,-1,-1,-1,-1,-1,-1,-1,-1,-1,-1,317,-1,-1,29,-1,-1,-1,-1,-1,-1,347,-1,346,-1,-1,361,-1,-1,-1,360,-1,-1,347,-1,-1,-1,346,-1,347,-1,376,29,-1,-1,-1,-1,-1,-1,-1,-1,-1,-1,-1,-1,-1,-1,-1,-1,-1,-1,-1,285,316,317,-1,-1,393,-1,-1,-1,358,-1,-1,392,-1,285,-1,-1
-1,-1,-1,-1,-1,-1,-1,-1,-1,-1,-1,-1,-1,317,-1,285,-1,-1,-1,-1,-1,-1,-1,-1,-1,-1,-1,-1,-1,-1,-1,-1,-1,-1,-1,-1,-1,-1,-1,-1,-1,-1,-1,-1,-1,-1,-1,285,-1,-1,-1,-1,285,-1,-1,-1,-1,285,-1,-1,-1,-1,-1,316,-1,-1,317,285,273,-1,-1,-1,358,349,-1,-1,317,-1,-1,-1
-1,-1,-1,-1,-1,-1,-1,-1,-1,-1,-1,-1,-1,-1,317,-1,-1,-1,285,-1,-1,-1,-1,-1,-1,-1,-1,285,-1,-1,-1,-1,-1,-1,-1,-1,285,-1,-1,-1,-1,-1,-1,-1,285,-1,316,-1,-1,-1,-1,-1,-1,-1,-1,317,-1,-1,-1,285,-1,316,-1,-1,-1,-1,-1,-1,289,377,-1,-1,358,-1,-1,-1,376,-1,-1,-1
-1,-1,-1,-1,-1,-1,-1,-1,-1,-1,-1,-1,-1,-1,-1,-1,317,-1,-1,-1,-1,-1,285,-1,-1,-1,-1,316,-1,-1,-1,-1,-1,-1,-1,-1,-1,-1,-1,-1,-1,-1,-1,-1,-1,-1,-1,-1,-1,-1,-1,-1,-1,-1,-1,-1,-1,-1,-1,-1,-1,-1,-1,-1,-1,-1,-1,-1,285,393,-1,-1,358,-1,349,-1,392,-1,-1,-1
-1,-1,-1,-1,-1,-1,-1,-1,-1,-1,-1,-1,-1,-1,-1,-1,-1,-1,-1,-1,-1,-1,-1,-1,-1,-1,-1,-1,-1,-1,-1,-1,-1,-1,-1,-1,-1,-1,-1,-1,-1,-1,-1,-1,-1,-1,-1,-1,-1,-1,-1,-1,-1,-1,-1,-1,-1,-1,-1,-1,-1,-1,-1,-1,-1,-1,333,-1,289,-1,-1,-1,358,-1,-1,-1,-1,-1,-1,-1
-1,-1,-1,-1,-1,-1,-1,-1,-1,-1,-1,-1,-1,-1,-1,-1,-1,-1,-1,-1,-1,-1,-1,-1,-1,-1,-1,-1,-1,-1,-1,-1,-1,-1,-1,-1,-1,-1,-1,-1,-1,-1,-1,333,-1,-1,-1,-1,-1,-1,-1,285,-1,332,-1,-1,-1,-1,-1,-1,-1,-1,-1,-1,-1,333,-1,285,-1,-1,-1,-1,358,-1,365,-1,-1,-1,285,-1
-1,-1,-1,-1,-1,-1,-1,-1,-1,-1,-1,-1,-1,-1,-1,-1,-1,-1,-1,-1,-1,-1,-1,-1,-1,-1,-1,-1,-1,-1,-1,-1,-1,-1,-1,-1,-1,-1,-1,333,-1,-1,-1,-1,289,289,289,289,285,289,289,289,-1,-1,-1,332,-1,-1,-1,-1,-1,-1,-1,-1,333,-1,-1,289,316,-1,-1,-1,358,-1,-1,-1,-1,-1,-1,-1
-1,-1,-1,-1,-1,-1,-1,-1,-1,-1,-1,-1,-1,-1,-1,-1,-1,-1,-1,-1,-1,-1,-1,-1,-1,-1,333,-1,285,-1,-1,-1,332,-1,-1,-1,-1,333,-1,-1,285,-1,289,289,316,-1,-1,-1,380,381,-1,317,289,-1,285,-1,-1,-1,285,-1,-1,-1,-1,-1,-1,289,289,316,-1,-1,-1,-1,358,-1,-1,-1,333,-1,-1,-1
-1,-1,-1,-1,-1,-1,-1,-1,-1,-1,-1,-1,-1,-1,-1,-1,-1,-1,-1,-1,-1,-1,333,-1,-1,285,289,289,289,289,289,285,-1,-1,-1,-1,-1,-1,289,289,289,289,316,-1,-1,-1,-1,-1,380,381,-1,-1,317,289,289,289,289,289,289,289,289,289,289,285,289,316,-1,-1,-1,362,326,-1,358,-1,362,-1,-1,-1,-1,-1
-1,-1,333,-1,-1,285,-1,332,-1,-1,-1,-1,-1,-1,-1,-1,-1,-1,-1,-1,-1,333,-1,285,289,289,316,380,381,-1,317,289,289,289,289,285,289,289,289,316,380,381,-1,-1,-1,-1,-1,-1,380,381,-1,-1,-1,362,-1,-1,-1,-1,-1,-1,-1,-1,-1,392,393,-1,-1,-1,342,-1,-1,-1,358,-1,-1,376,-1,285,-1,-1
-1,333,-1,285,289,289,289,-1,-1,332,-1,-1,-1,-1,-1,-1,-1,-1,-1,333,-1,-1,289,289,316,-1,-1,380,381,-1,-1,-1,-1,-1,-1,-1,-1,-1,-1,-1,380,381,-1,-1,-1,-1,-1,342,-1,362,-1,-1,-1,-1,-1,-1,342,-1,362,-1,-1,342,-1,-1,342,-1,-1,-1,-1,-1,-1,348,358,-1,-1,392,-1,-1,-1,-1
-1,289,289,289,316,317,289,289,289,289,-1,332,-1,-1,-1,-1,333,-1,-1,289,285,289,289,316,-1,-1,-1,-1,-1,-1,-1,-1,-1,-1,-1,362,-1,-1,-1,-1,380,381,-1,362,-1,-1,-1,-1,-1,-1,-1,-1,342,-1,-1,-1,358,-1,-1,-1,-1,358,-1,-1,-1,-1,-1,362,-1,-1,-1,-1,358,-1,-1,-1,-1,-1,-1,-1
289,285,316,-1,-1,-1,380,381,317,289,289,285,-1,-1,-1,-1,-1,-1,289,316,-1,-1,-1,-1,-1,-1,-1,-1,-1,-1,-1,-1,-1,-1,-1,-1,-1,-1,-1,-1,380,381,-1,-1,-1,-1,-1,-1,-1,342,-1,-1,-1,-1,-1,-1,358,-1,-1,-1,-1,374,-1,-1,-1,-1,-1,-1,-1,348,-1,-1,358,365,362,-1,285,-1,-1,-1
-1,-1,-1,-1,-1,-1,380,381,-1,-1,317,289,289,289,289,289,289,285,316,-1,-1,-1,-1,-1,-1,-1,-1,-1,-1,-1,-1,-1,-1,344,-1,-1,-1,-1,362,-1,-1,-1,-1,-1,348,-1,-1,349,-1,358,-1,-1,362,-1,-1,342,358,-1,-1,-1,-1,-1,-1,-1,362,-1,342,-1,348,-1,-1,-1,358,-1,-1,333,-1,-1,316,-1
-1,-1,-1,-1,-1,-1,-1,-1,-1,-1,-1,-1,-1,380,381,-1,-1,-1,-1,-1,-1,-1,-1,-1,-1,-1,-1,-1,348,-1,-1,-1,-1,360,349,-1,-1,-1,-1,-1,-1,-1,-1,-1,-1,-1,-1,-1,-1,358,-1,-1,-1,-1,-1,-1,358,-1,376,-1,-1,-1,377,-1,-1,-1,-1,348,-1,-1,-1,-1,358,-1,-1,-1,-1,316,-1,-1
-1,-1,-1,-1,-1,-1,-1,-1,-1,-1,-1,-1,-1,380,381,-1,-1,-1,-1,-1,-1,-1,-1,-1,-1,-1,348,-1,-1,-1,-1,-1,-1,-1,-1,-1,-1,-1,-1,-1,-1,-1,-1,-1,-1,-1,-1,347,-1,358,349,-1,-1,-1,-1,-1,358,-1,329,-1,-1,-1,329,-1,-1,-1,-1,-1,-1,-1,365,328,358,-1,376,285,-1,-1,-1,-1
-1,-1,-1,-1,-1,349,-1,-1,-1,-1,-1,-1,-1,380,381,-1,-1,-1,-1,-1,-1,-1,-1,348,-1,-1,-1,-1,-1,-1,301,-1,-1,-1,-1,-1,-1,-1,-1,-1,-1,-1,-1,-1,-1,-1,-1,-1,-1,374,-1,329,349,-1,-1,348,358,-1,345,-1,-1,-1,345,-1,-1,344,-1,-1,369,369,329,-1,374,-1,-1,-1,-1,-1,-1,-1
-1,-1,-1,-1,-1,-1,-1,349,-1,-1,-1,-1,-1,-1,-1,-1,-1,-1,-1,-1,-1,-1,348,-1,-1,-1,-1,-1,376,-1,-1,-1,-1,301,-1,-1,-1,-1,-1,-1,-1,-1,-1,-1,-1,345,-1,-1,-1,-1,29,345,-1,-1,-1,-1,358,-1,361,-1,-1,-1,361,-1,-1,360,-1,369,369,369,345,29,-1,-1,-1,-1,286,-1,-1,-1
-1,-1,-1,-1,-1,-1,-1,-1,-1,-1,-1,-1,349,-1,-1,348,-1,301,-1,-1,348,-1,-1,-1,-1,-1,29,-1,-1,29,-1,-1,346,-1,328,-1,-1,-1,-1,-1,-1,-1,344,-1,-1,-1,29,285,-1,-1,29,345,-1,-1,-1,329,374,-1,-1,-1,-1,-1,-1,-1,-1,-1,329,369,369,369,345,29,330,-1,285,-1,-1,-1,-1,-1
-1,-1,-1,347,-1,-1,-1,-1,-1,-1,-1,-1,-1,-1,-1,376,346,-1,-1,-1,-1,-1,-1,-1,-1,-1,29,-1,285,-1,29,-1,-1,-1,-1,29,-1,347,-1,-1,-1,346,360,346,-1,-1,29,-1,-1,330,29,361,-1,-1,376,361,-1,-1,-1,301,-1,301,-1,-1,301,-1,361,-1,-1,-1,361,29,-1,-1,-1,-1,316,-1,-1,-1
29,29,29,29,29,29,-1,-1,-1,-1,-1,-1,-1,-1,-1,-1,-1,-1,-1,-1,-1,-1,-1,-1,-1,347,29,-1,-1,-1,-1,285,-1,-1,-1,-1,29,-1,-1,-1,-1,-1,-1,-1,-1,29,-1,-1,-1,-1,-1,-1,-1,-1,-1,-1,-1,-1,-1,-1,-1,-1,-1,-1,-1,-1,-1,-1,-1,-1,-1,-1,285,-1,-1,-1,-1,-1,-1,-1
-1,-1,285,-1,-1,-1,29,347,-1,-1,-1,-1,-1,-1,-1,-1,301,-1,-1,-1,-1,-1,-1,-1,-1,29,-1,316,-1,317,-1,-1,-1,-1,285,-1,-1,285,-1,-1,285,-1,-1,-1,285,-1,-1,-1,-1,285,-1,-1,-1,-1,-1,-1,-1,331,-1,-1,301,-1,-1,331,-1,-1,-1,-1,-1,-1,-1,-1,-1,-1,-1,-1,-1,-1,-1,-1
-1,-1,-1,317,-1,-1,285,29,-1,-1,344,-1,-1,-1,-1,-1,-1,-1,301,-1,-1,344,-1,-1,376,29,-1,-1,-1,-1,-1,-1,-1,-1,-1,317,-1,-1,-1,-1,-1,-1,-1,-1,-1,-1,-1,330,-1,-1,-1,-1,-1,-1,-1,-1,-1,-1,-1,-1,-1,301,-1,-1,-1,-1,-1,-1,-1,-1,-1,-1,-1,-1,330,-1,-1,-1,-1,-1
-1,-1,-1,-1,-1,317,-1,-1,29,346,360,-1,347,-1,346,-1,-1,-1,-1,-1,-1,360,-1,346,29,-1,-1,-1,-1,-1,-1,-1,-1,-1,-1,-1,-1,-1,-1,-1,-1,-1,-1,-1,-1,317,-1,-1,285,-1,-1,-1,-1,-1,-1,-1,-1,-1,-1,-1,-1,-1,-1,-1,-1,-1,-1,-1,-1,-1,-1,-1,-1,-1,-1,-1,-1,-1,-1,-1
-1,-1,-1,-1,-1,-1,317,-1,-1,-1,-1,-1,-1,-1,-1,-1,-1,-1,-1,-1,-1,-1,-1,-1,285,-1,316,-1,-1,-1,-1,-1,-1,-1,-1,-1,-1,-1,-1,-1,-1,-1,-1,-1,-1,-1,317,-1,-1,330,-1,-1,-1,-1,-1,-1,-1,301,-1,-1,331,-1,-1,301,-1,-1,-1,-1,-1,-1,-1,-1,330,-1,285,-1,-1,-1,-1,-1
-1,-1,-1,-1,-1,-1,-1,317,-1,-1,285,-1,-1,-1,-1,-1,285,-1,-1,-1,-1,-1,285,-1,-1,316,-1,-1,-1,-1,-1,-1,-1,-1,-1,-1,-1,-1,-1,-1,-1,-1,-1,-1,-1,-1,-1,317,-1,-1,-1,-1,-1,-1,-1,-1,-1,-1,-1,-1,-1,-1,-1,-1,-1,-1,-1,-1,-1,-1,-1,-1,-1,-1,-1,316,-1,-1,-1,-1
-1,-1,-1,-1,-1,-1,-1,-1,-1,-1,-1,-1,-1,-1,-1,-1,-1,-1,-1,-1,-1,-1,-1,-1,-1,-1,-1,-1,-1,-1,-1,-1,-1,-1,-1,-1,-1,-1,-1,-1,-1,-1,-1,-1,-1,-1,-1,-1,317,-1,-1,-1,-1,-1,-1,-1,-1,301,301,-1,-1,-1,-1,301,-1,-1,-1,-1,-1,-1,-1,-1,285,-1,316,-1,-1,-1,-1,-1
-1,-1,-1,-1,-1,-1,-1,-1,-1,-1,-1,-1,-1,-1,-1,-1,-1,-1,-1,-1,-1,-1,-1,-1,-1,-1,-1,-1,-1,-1,-1,-1,-1,-1,-1,-1,-1,-1,-1,-1,-1,-1,-1,-1,-1,-1,-1,-1,-1,317,-1,-1,-1,-1,-1,-1,-1,-1,-1,-1,301,-1,-1,-1,-1,-1,-1,-1,-1,-1,-1,-1,-1,316,-1,-1,-1,-1,-1,-1