LIFE
1
3 8 3
GUN
1
0 67 9
BARREL
1
0 48 3
KEY
8
0 33 5
0 78 22
0 126 4
0 118 22
1 16 6
2 10 3
3 16 6
4 10 3
DOOR
4
0 13 0
1 8 9
6
0 0 12
2 8 9
6
0 52 2
3 8 9
6
0 53 11
4 8 9
6
TUNNEL
4
0 19 17
0 19 7
7
0 33 14
0 35 4
7
0 92 17
0 82 7
7
0 113 7
0 123 3
7
PLATFORM
9
0 3 6 128 0 1 0
0 9 2 256 1 1 0
0 11 9 128 0 1 0
0 15 14 416 0 -1 0
0 27 16 96 1 -1 0
0 57 10 192 0 1 0
0 94 19 96 1 1 0
2 14 7 128 0 -1 0
4 14 7 128 0 -1 0
PIPE
7
17 0
0 17 19
0 17 20
0 18 20
0 19 20
0 20 20
0 21 20
0 22 20
0 23 20
0 24 20
0 25 20
0 25 19
0 25 18
0 25 17
0 25 16
0 25 15
0 25 14
0 25 13
4 0
0 40 13
0 40 12
0 40 11
0 40 10
25 0
0 45 13
0 45 12
0 46 12
0 47 12
0 48 12
0 49 12
0 49 11
0 49 10
0 49 9
0 49 8
0 49 7
0 49 6
0 49 5
0 48 5
0 47 5
0 46 5
0 46 4
0 46 3
0 46 2
0 46 1
0 46 0
0 47 0
0 48 0
0 49 0
0 49 1
17 0
0 69 10
0 69 11
0 70 11
0 71 11
0 72 11
0 73 11
0 74 11
0 75 11
0 76 11
0 77 11
0 78 11
0 79 11
0 79 12
0 79 13
0 80 13
0 81 13
0 81 12
23 0
0 89 9
0 89 8
0 90 8
0 91 8
0 92 8
0 93 8
0 94 8
0 95 8
0 96 8
0 97 8
0 98 8
0 99 8
0 100 8
0 100 7
0 100 6
0 100 5
0 100 4
0 100 3
0 100 2
0 101 2
0 102 2
0 103 2
0 103 3
32 0
0 104 9
0 104 10
0 103 10
0 102 10
0 101 10
0 100 10
0 99 10
0 98 10
0 97 10
0 96 10
0 95 10
0 94 10
0 94 11
0 93 11
0 93 12
0 92 12
0 92 13
0 92 14
0 91 14
0 90 14
0 89 14
0 89 15
0 88 15
0 87 15
0 86 15
0 85 15
0 84 15
0 83 15
0 82 15
0 81 15
0 80 15
0 80 16
21 0
0 98 19
0 98 18
0 99 18
0 100 18
0 100 19
0 101 19
0 102 19
0 103 19
0 104 19
0 105 19
0 106 19
0 107 19
0 108 19
0 109 19
0 110 19
0 111 19
0 112 19
0 113 19
0 114 19
0 115 19
0 115 20
DUMMY
2
0 41 14 0
0 75 21 0
CLEVER
1
0 53 11 0
PLAYER
1
0 1 4
