TILEMAP
92 15
32 32
images/tileset_1x1.png
16 31
BASE
-1,-1,-1,-1,-1,-1,-1,-1,-1,-1,-1,-1,-1,-1,-1,-1,-1,-1,-1,-1,-1,-1,-1,-1,-1,-1,-1,-1,-1,-1,-1,-1,-1,-1,-1,-1,-1,-1,-1,-1,-1,-1,-1,-1,-1,-1,-1,-1,-1,-1,-1,-1,-1,-1,-1,-1,-1,-1,182,184,184,183,184,183,183,184,184,183,184,183,184,184,183,184,183,183,183,183,184,183,183,183,183,192,178,177,178,178,178,178,178,179
-1,-1,-1,-1,-1,-1,-1,-1,-1,-1,-1,-1,-1,-1,-1,-1,-1,-1,-1,-1,-1,-1,-1,-1,-1,-1,-1,-1,-1,-1,166,167,168,169,-1,-1,-1,-1,-1,-1,-1,-1,-1,-1,-1,-1,-1,-1,-1,-1,-1,-1,-1,-1,-1,-1,-1,182,183,184,183,183,184,183,183,183,184,184,184,183,183,184,-1,-1,-1,-1,184,184,183,184,183,183,183,183,192,193,248,249,249,249,249,179
-1,-1,-1,-1,-1,-1,-1,-1,-1,-1,-1,-1,-1,-1,-1,-1,-1,-1,-1,-1,-1,-1,-1,-1,-1,-1,-1,-1,-1,-1,182,183,184,185,-1,-1,-1,-1,-1,-1,-1,-1,-1,-1,-1,-1,-1,-1,-1,-1,-1,-1,-1,-1,-1,182,183,184,183,184,183,183,184,183,184,183,184,184,183,183,184,-1,-1,-1,-1,-1,-1,-1,184,184,183,183,183,184,183,183,248,249,249,249,249,179
-1,-1,-1,-1,-1,-1,160,163,-1,-1,-1,-1,-1,-1,-1,-1,-1,-1,-1,-1,-1,-1,-1,-1,135,135,-1,-1,-1,-1,198,199,200,201,-1,-1,-1,-1,-1,-1,-1,-1,-1,-1,-1,-1,-1,-1,-1,-1,-1,160,161,162,161,162,161,162,161,162,161,162,161,162,161,162,183,184,183,184,-1,-1,-1,-1,-1,-1,-1,-1,-1,184,184,183,183,184,183,183,248,249,249,249,249,177
-1,-1,-1,-1,-1,135,192,195,135,166,167,168,167,168,167,168,169,-1,-1,-1,-1,-1,-1,-1,135,135,-1,-1,166,168,167,168,167,168,169,-1,-1,-1,-1,-1,-1,166,167,169,-1,-1,-1,-1,-1,-1,-1,176,177,178,177,178,177,178,177,178,177,178,177,178,177,178,183,184,183,184,-1,-1,181,-1,-1,-1,-1,-1,-1,-1,-1,184,183,184,183,183,248,249,249,249,249,177
-1,-1,-1,-1,135,160,161,165,135,182,183,184,183,184,183,184,185,-1,-1,-1,-1,-1,-1,-1,135,135,-1,-1,182,184,183,184,183,184,185,-1,-1,-1,-1,-1,-1,182,183,185,-1,-1,-1,-1,-1,-1,-1,192,193,194,193,194,193,194,193,194,193,194,193,194,194,193,183,184,184,-1,-1,-1,-1,-1,-1,-1,-1,-1,-1,-1,-1,184,184,184,183,184,248,249,249,249,249,177
-1,-1,-1,-1,135,192,193,195,135,182,183,184,183,184,183,184,185,-1,-1,135,135,135,135,135,135,135,-1,-1,182,184,183,184,183,184,185,-1,-1,135,135,135,-1,182,183,185,-1,-1,-1,-1,-1,160,161,162,161,162,161,162,161,162,161,162,161,162,161,162,161,162,165,184,184,-1,-1,-1,-1,-1,-1,-1,-1,-1,-1,-1,-1,184,184,164,161,161,162,161,162,161,162,177
-1,-1,-1,-1,160,162,161,162,164,165,183,184,183,184,183,184,185,-1,-1,135,135,135,135,135,135,135,-1,-1,182,184,183,184,183,184,185,-1,-1,135,135,135,-1,182,183,185,-1,-1,-1,-1,-1,176,177,178,177,178,177,178,177,178,177,178,177,178,177,178,177,178,179,184,184,-1,-1,-1,-1,-1,-1,-1,-1,-1,-1,-1,-1,184,184,183,185,177,178,177,178,177,178,179
-1,-1,-1,-1,176,178,177,178,178,179,183,184,183,184,183,184,185,-1,-1,-1,-1,-1,-1,-1,-1,-1,146,-1,182,184,183,184,183,184,185,-1,-1,-1,-1,-1,-1,182,183,185,-1,-1,-1,-1,-1,192,193,194,193,194,193,194,193,194,193,194,193,194,194,193,194,194,195,184,184,-1,-1,-1,-1,-1,-1,-1,-1,-1,-1,-1,-1,184,183,183,184,185,178,177,178,177,178,179
-1,-1,-1,-1,176,178,177,178,178,179,183,184,183,184,183,184,185,-1,-1,-1,-1,-1,146,146,146,146,-1,-1,182,184,183,184,183,184,185,-1,-1,-1,-1,-1,-1,182,183,185,-1,-1,-1,-1,160,161,162,161,162,161,162,161,162,161,162,161,162,161,162,161,162,161,162,165,184,-1,-1,-1,-1,-1,-1,-1,-1,-1,-1,-1,184,183,184,183,184,184,178,177,178,177,178,179
-1,-1,-1,-1,176,178,177,178,178,179,183,184,164,161,161,162,162,163,-1,-1,-1,-1,-1,-1,-1,-1,-1,-1,182,184,164,161,161,162,162,161,162,161,162,163,-1,182,183,185,-1,-1,-1,-1,176,177,178,177,178,177,178,177,178,177,178,177,178,177,178,177,178,177,178,179,183,184,-1,-1,-1,-1,-1,-1,-1,-1,-1,184,183,184,183,183,184,177,178,177,178,177,178,179
-1,-1,-1,-1,192,194,193,194,194,195,183,184,192,193,193,194,194,195,-1,-1,-1,-1,-1,-1,-1,-1,-1,-1,198,199,192,193,193,194,194,193,194,193,194,195,-1,182,183,185,-1,-1,-1,-1,192,193,194,193,194,193,194,193,194,193,194,193,194,194,193,194,193,194,194,195,199,200,201,-1,-1,-1,-1,-1,198,199,199,200,199,200,198,199,176,177,178,177,178,177,178,179
160,161,162,161,162,162,161,162,161,162,161,162,161,162,161,162,161,162,161,162,163,-1,-1,-1,-1,-1,-1,160,161,162,161,162,161,162,161,162,161,161,161,161,161,161,162,161,162,161,162,161,162,161,162,161,162,162,161,162,161,162,161,162,161,162,161,161,161,162,161,161,161,161,161,162,161,161,162,161,162,161,162,161,162,161,161,161,178,177,178,177,178,177,178,179
176,177,178,177,178,178,177,178,177,178,177,178,177,178,177,178,177,178,177,178,179,-1,-1,-1,-1,-1,-1,176,177,178,177,178,177,178,177,178,177,177,177,177,177,177,178,177,178,177,178,177,178,177,178,177,178,178,177,178,177,178,177,178,177,178,177,177,177,178,177,177,177,177,177,178,177,177,178,177,178,177,178,177,178,177,177,177,177,177,178,177,178,177,178,179
192,193,194,193,194,194,193,194,193,194,193,194,193,194,193,194,193,194,193,194,195,-1,-1,-1,-1,-1,-1,192,193,194,193,194,193,194,193,194,193,193,193,193,193,193,194,193,194,193,194,193,194,193,194,193,194,194,193,194,193,194,193,194,193,194,193,193,193,194,193,193,193,193,193,194,193,193,194,193,194,193,194,193,194,193,193,193,193,193,194,195,193,193,194,195
LAYER
-1,-1,-1,-1,-1,-1,-1,-1,-1,-1,-1,-1,-1,-1,-1,-1,-1,-1,-1,-1,-1,-1,-1,-1,-1,-1,-1,-1,-1,-1,-1,-1,-1,-1,-1,-1,-1,-1,-1,-1,-1,-1,-1,-1,-1,-1,-1,-1,-1,-1,-1,-1,-1,-1,-1,-1,-1,-1,244,-1,-1,-1,-1,-1,-1,-1,-1,-1,-1,-1,-1,244,-1,-1,-1,-1,-1,-1,-1,-1,-1,-1,-1,-1,-1,-1,-1,-1,-1,-1,-1,-1
-1,-1,-1,-1,-1,-1,-1,-1,-1,-1,-1,-1,-1,-1,-1,-1,-1,-1,-1,-1,-1,-1,-1,-1,-1,-1,-1,-1,-1,-1,-1,-1,-1,-1,-1,-1,-1,-1,-1,-1,-1,-1,-1,-1,-1,-1,-1,-1,-1,-1,-1,-1,-1,-1,-1,-1,-1,-1,-1,-1,-1,-1,-1,-1,-1,-1,-1,-1,-1,-1,-1,-1,-1,-1,-1,-1,-1,-1,-1,-1,-1,-1,-1,247,-1,-1,232,233,233,233,234,-1
-1,-1,-1,-1,-1,225,-1,-1,-1,-1,-1,-1,-1,-1,-1,-1,-1,-1,-1,-1,-1,181,-1,-1,-1,-1,-1,-1,-1,-1,-1,244,-1,226,-1,-1,-1,-1,-1,-1,-1,-1,-1,-1,-1,-1,-1,-1,-1,-1,-1,209,210,211,210,212,210,213,214,-1,-1,-1,-1,-1,-1,-1,-1,-1,-1,-1,-1,-1,181,-1,-1,-1,-1,-1,-1,-1,-1,-1,244,-1,-1,-1,-1,-1,-1,-1,250,-1
-1,-1,-1,-1,-1,241,-1,243,-1,-1,-1,135,135,135,226,135,135,135,135,135,135,181,181,135,135,135,135,135,-1,-1,-1,-1,-1,242,-1,-1,-1,-1,-1,-1,-1,-1,-1,-1,-1,-1,-1,-1,-1,-1,-1,-1,-1,-1,-1,-1,224,-1,-1,-1,-1,-1,224,-1,-1,-1,-1,-1,-1,-1,-1,-1,225,-1,-1,-1,-1,-1,-1,-1,-1,-1,-1,-1,-1,-1,-1,-1,-1,-1,250,-1
-1,-1,-1,-1,-1,257,-1,37,135,135,135,135,135,135,242,135,135,135,135,135,135,135,181,135,135,135,135,135,-1,-1,-1,-1,-1,-1,-1,-1,-1,-1,-1,-1,-1,-1,-1,-1,-1,-1,-1,-1,-1,-1,-1,-1,-1,-1,-1,-1,240,-1,-1,-1,243,-1,240,-1,-1,226,-1,-1,-1,-1,-1,-1,241,-1,-1,-1,-1,-1,-1,-1,-1,-1,-1,-1,-1,-1,-1,-1,-1,-1,250,-1
-1,-1,-1,-1,-1,-1,-1,-1,135,135,244,135,231,135,258,244,218,135,135,135,135,135,181,135,135,135,135,-1,-1,-1,-1,-1,-1,-1,-1,-1,-1,-1,-1,-1,-1,-1,-1,245,-1,-1,-1,-1,-1,-1,-1,-1,-1,-1,-1,-1,256,-1,-1,231,227,-1,256,-1,-1,258,-1,-1,-1,-1,-1,-1,241,-1,-1,-1,-1,-1,-1,-1,-1,-1,-1,-1,-1,231,231,-1,-1,-1,250,-1
-1,-1,-1,-1,209,210,212,210,210,215,135,170,171,171,172,171,171,173,135,135,135,135,181,135,135,135,135,-1,135,244,-1,-1,-1,-1,-1,-1,-1,-1,-1,-1,-1,40,-1,-1,-1,-1,-1,-1,-1,-1,224,-1,-1,-1,-1,-1,-1,-1,-1,-1,-1,-1,-1,-1,224,-1,-1,-1,-1,-1,-1,170,171,171,173,-1,-1,-1,-1,-1,-1,-1,-1,29,-1,-1,-1,-1,-1,-1,181,-1
-1,-1,-1,-1,-1,135,135,135,135,135,135,186,244,135,188,135,135,189,135,135,135,135,135,135,135,135,135,275,-1,-1,-1,-1,244,-1,-1,226,-1,-1,-1,-1,-1,170,171,173,-1,-1,-1,-1,226,-1,240,-1,-1,-1,-1,-1,-1,-1,-1,-1,-1,-1,-1,-1,240,-1,-1,-1,-1,-1,-1,186,-1,226,189,-1,-1,-1,-1,-1,-1,-1,-1,246,247,29,-1,-1,-1,-1,-1,-1
-1,-1,-1,-1,-1,243,135,-1,135,135,135,186,135,135,188,135,135,189,135,135,135,135,135,135,135,135,135,275,-1,-1,244,-1,-1,-1,-1,242,-1,-1,-1,-1,-1,186,187,189,-1,-1,-1,-1,258,-1,256,-1,-1,-1,-1,-1,-1,-1,-1,-1,-1,-1,-1,-1,256,-1,-1,-1,-1,-1,-1,186,-1,242,189,-1,-1,-1,-1,-1,-1,-1,-1,-1,244,246,29,243,-1,-1,243,243
225,-1,-1,-1,-1,135,135,135,135,135,135,186,135,227,204,135,231,205,226,135,135,135,135,135,135,135,135,275,-1,-1,208,210,217,228,-1,258,228,-1,-1,-1,-1,186,-1,189,-1,-1,-1,-1,-1,-1,-1,-1,-1,224,-1,-1,-1,-1,-1,-1,224,-1,-1,-1,-1,-1,-1,-1,-1,-1,170,171,171,173,189,-1,-1,172,-1,-1,-1,-1,-1,-1,-1,230,29,-1,243,-1,-1,-1
241,-1,-1,-1,-1,135,135,243,-1,135,-1,186,135,135,135,135,224,135,242,135,135,135,135,135,135,135,135,275,-1,-1,-1,-1,-1,-1,224,-1,-1,-1,-1,-1,-1,186,-1,189,-1,-1,-1,-1,-1,-1,-1,-1,-1,240,-1,-1,-1,-1,-1,-1,240,-1,-1,-1,225,-1,-1,-1,-1,-1,186,-1,-1,189,189,-1,-1,188,-1,-1,-1,-1,-1,-1,227,29,-1,-1,-1,-1,-1,-1
257,-1,209,211,210,210,213,214,-1,37,-1,202,217,231,228,230,256,228,258,135,135,135,135,135,135,135,135,135,-1,-1,-1,-1,-1,-1,256,-1,-1,228,229,-1,-1,186,-1,189,-1,209,210,212,210,213,215,216,228,256,-1,-1,-1,-1,-1,-1,256,-1,-1,-1,257,-1,-1,-1,-1,228,202,-1,-1,205,205,-1,-1,204,-1,40,-1,209,217,-1,29,-1,243,-1,243,-1,-1,-1
-1,-1,-1,-1,-1,135,135,135,135,135,-1,135,135,135,135,135,135,135,135,135,29,135,135,135,135,135,135,29,-1,-1,-1,-1,-1,-1,-1,-1,-1,-1,-1,-1,-1,-1,-1,-1,-1,-1,-1,-1,-1,-1,-1,-1,-1,-1,-1,-1,-1,-1,-1,-1,-1,-1,-1,-1,-1,-1,-1,-1,-1,-1,-1,-1,-1,-1,-1,-1,-1,-1,-1,-1,-1,-1,-1,-1,-1,-1,-1,-1,-1,-1,-1,-1
-1,-1,-1,-1,-1,135,135,135,135,135,135,135,135,135,135,135,135,135,135,135,29,135,135,135,135,135,135,29,-1,-1,-1,-1,-1,-1,-1,-1,-1,-1,-1,-1,-1,-1,-1,-1,-1,-1,-1,-1,-1,-1,-1,-1,-1,-1,-1,-1,-1,-1,-1,-1,-1,-1,243,-1,-1,-1,-1,-1,-1,-1,-1,-1,-1,-1,-1,-1,-1,-1,-1,-1,-1,-1,-1,-1,-1,-1,-1,-1,243,-1,-1,-1
-1,-1,-1,-1,-1,135,135,135,135,135,135,135,135,135,135,135,135,135,135,135,29,135,135,135,135,135,135,29,-1,-1,-1,-1,-1,-1,-1,-1,-1,-1,-1,-1,-1,-1,-1,243,-1,-1,-1,-1,-1,-1,-1,-1,-1,-1,-1,-1,-1,-1,-1,-1,-1,-1,-1,-1,-1,-1,-1,-1,-1,-1,-1,-1,-1,-1,-1,-1,-1,-1,-1,-1,-1,-1,-1,-1,-1,-1,-1,-1,-1,-1,-1,-1